*** Intervals for modelling ***
*** by E.-P. Roeth ************
** midth  width of interval ***
  184.65   1.70
  186.40   1.80
  188.25   1.90
  190.25   2.10
  192.40   2.20
  194.70   2.40
  197.20   2.60
  199.80   2.60
  202.20   2.20
  203.70   0.80
  205.15   2.10
  207.25   2.10
  209.40   2.20
  211.65   2.30
  213.90   2.20
  216.20   2.40
  218.60   2.40
  221.00   2.40
  223.45   2.50
  226.00   2.60
  228.60   2.60
  231.25   2.70
  233.95   2.70
  236.70   2.80
  239.55   2.90
  242.45   2.90
  245.40   3.00
  248.45   3.10
  251.60   3.20
  254.80   3.20
  258.05   3.30
  261.45   3.50
  264.95   3.50
  268.50   3.60
  272.15   3.70
  275.90   3.80
  279.75   3.90
  283.70   4.00
  287.80   4.20
  292.00   4.20
  296.30   4.40
  300.50   4.00
  303.00   1.00
  304.00   1.00
  305.00   1.00
  306.00   1.00
  307.00   1.00
  308.00   1.00
  309.00   1.00
  310.00   1.00
  311.00   1.00
  312.00   1.00
  313.00   1.00
  314.00   1.00
  316.00   3.00
  320.00   5.00
  325.00   5.00
  330.00   5.00
  335.00   5.00
  340.00   5.00
  345.00   5.00
  350.00   5.00
  355.00   5.00
  360.00   5.00
  365.00   5.00
  370.00   5.00
  375.00   5.00
  380.00   5.00
  385.00   5.00
  390.00   5.00
  395.00   5.00
  400.00   5.00
  405.00   5.00
  410.00   5.00
  415.00   5.00
  420.00   5.00
  425.00   5.00
  430.00   5.00
  435.00   5.00
  440.00   5.00
  445.00   5.00
  450.00   5.00
  455.00   5.00
  460.00   5.00
  465.00   5.00
  470.00   5.00
  475.00   5.00
  480.00   5.00
  485.00   5.00
  490.00   5.00
  495.00   5.00
  500.00   5.00
  505.00   5.00
  510.00   5.00
  515.00   5.00
  520.00   5.00
  525.00   5.00
  530.00   5.00
  535.00   5.00
  540.00   5.00
  545.00   5.00
  550.00   5.00
  555.00   5.00
  560.00   5.00
  565.00   5.00
  570.00   5.00
  575.00   5.00
  580.00   5.00
  585.00   5.00
  590.00   5.00
  595.00   5.00
  600.00   5.00
  605.00   5.00
  610.00   5.00
  615.00   5.00
  620.00   5.00
  625.00   5.00
  630.00   5.00
  635.00   5.00
  640.00   5.00
  644.05   4.50
  651.00   8.00
  660.00  10.00
  670.00  10.00
  680.00  10.00
  690.00  10.00
  700.00  10.00
  710.00  10.00
  720.00  10.00
  730.00  10.00
    0.00   0.00
    0.00   0.00
    0.00   0.00
    0.00   0.00
    0.00   0.00
    0.00   0.00
    0.00   0.00
    0.00   0.00
    0.00   0.00
    0.00   0.00
    0.00   0.00
    0.00   0.00
    0.00   0.00
    0.00   0.00
    0.00   0.00
    0.00   0.00
    0.00   0.00
    0.00   0.00
    0.00   0.00
    0.00   0.00
    0.00   0.00
    0.00   0.00
    0.00   0.00
    0.00   0.00
    0.00   0.00
    0.00   0.00
    0.00   0.00
    0.00   0.00
    0.00   0.00
    0.00   0.00
    0.00   0.00
    0.00   0.00
    0.00   0.00
    0.00   0.00
    0.00   0.00
    0.00   0.00
    0.00   0.00
    0.00   0.00
    0.00   0.00
    0.00   0.00
    0.00   0.00
    0.00   0.00
    0.00   0.00
    0.00   0.00
    0.00   0.00
    0.00   0.00
    0.00   0.00
    0.00   0.00
    0.00   0.00
    0.00   0.00
    0.00   0.00
    0.00   0.00
    0.00   0.00
    0.00   0.00
    0.00   0.00
    0.00   0.00
    0.00   0.00
    0.00   0.00
    0.00   0.00
    0.00   0.00
    0.00   0.00
    0.00   0.00
    0.00   0.00
    0.00   0.00
    0.00   0.00
    0.00   0.00
    0.00   0.00
    0.00   0.00
    0.00   0.00
    0.00   0.00
    0.00   0.00
    0.00   0.00
    0.00   0.00
    0.00   0.00
    0.00   0.00
    0.00   0.00
    0.00   0.00
    0.00   0.00
    0.00   0.00
    0.00   0.00
    0.00   0.00
    0.00   0.00
    0.00   0.00
    0.00   0.00
    0.00   0.00
    0.00   0.00
    0.00   0.00
    0.00   0.00
    0.00   0.00
    0.00   0.00
    0.00   0.00
    0.00   0.00
    0.00   0.00
    0.00   0.00
    0.00   0.00
    0.00   0.00
    0.00   0.00
    0.00   0.00
    0.00   0.00
    0.00   0.00
    0.00   0.00
    0.00   0.00
    0.00   0.00
    0.00   0.00
    0.00   0.00
    0.00   0.00
    0.00   0.00
    0.00   0.00
    0.00   0.00
    0.00   0.00
    0.00   0.00
    0.00   0.00
    0.00   0.00
    0.00   0.00
    0.00   0.00
    0.00   0.00
    0.00   0.00
    0.00   0.00
    0.00   0.00
    0.00   0.00
    0.00   0.00
    0.00   0.00
    0.00   0.00
    0.00   0.00
    0.00   0.00
    0.00   0.00
    0.00   0.00
    0.00   0.00
    0.00   0.00
    0.00   0.00
    0.00   0.00
    0.00   0.00
    0.00   0.00
    0.00   0.00
  
  

