 203,  30
 1,  1.6516336579463E-6,  1.284336538785E-6
 2,  1.6512409753269E-6,  1.2840142918004E-6
 3,  1.6512905329263E-6,  1.2840546515987E-6
 4,  1.6513399536694E-6,  1.2840949886859E-6
 5,  1.6514056367899E-6,  1.2841487362039E-6
 6,  1.6514629131519E-6,  1.284195732471E-6
 7,  1.6515281494475E-6,  1.2842494051273E-6
 8,  1.6515769222571E-6,  1.284289633609E-6
 9,  1.6516417485369E-6,  1.2843432370505E-6
 10,  1.6516982817008E-6,  1.2843901079046E-6
 11,  1.651762675986E-6,  1.2844436380218E-6
 12,  1.6518188343926E-6,  1.2844904449713E-6
 13,  1.6518828040301E-6,  1.2845439024748E-6
 14,  1.6519465501201E-6,  1.2845973215919E-6
 15,  1.652010074662E-6,  1.2846507025059E-6
 16,  1.6520733796248E-6,  1.284704045422E-6
 17,  1.6521364669479E-6,  1.284757350508E-6
 18,  1.6521993385419E-6,  1.2848106180643E-6
 19,  1.652261996289E-6,  1.2848638482353E-6
 20,  1.6523322329485E-6,  1.2849236877328E-6
 21,  1.6523944423945E-6,  1.2849768391496E-6
 22,  1.6524641793159E-6,  1.2850365905161E-6
 23,  1.6525336553281E-6,  1.2850962956622E-6
 24,  1.6526028729104E-6,  1.2851559548442E-6
 25,  1.6526641846701E-6,  1.2852089468852E-6
 26,  1.6527405425063E-6,  1.2852751362637E-6
 27,  1.6528089992844E-6,  1.2853346591391E-6
 28,  1.6528772071633E-6,  1.285394137013E-6
 29,  1.6529527045608E-6,  1.285460171134E-6
 30,  1.6530653865464E-6,  1.2855591196485E-6
 31,  1.6532071595606E-6,  1.2856842791797E-6
 32,  1.6533626335713E-6,  1.2858223879948E-6
 33,  1.6559849040984E-6,  1.2835714927258E-6
 34,  1.654077822151E-6,  1.2858909139043E-6
 35,  1.6486388064745E-6,  1.2916716388776E-6
 36,  1.645974301429E-6,  1.2946661007789E-6
 37,  1.6431833215043E-6,  1.2978218213309E-6
 38,  1.6391816706573E-6,  1.3021957927137E-6
 39,  1.6305164412776E-6,  1.3112723659845E-6
 40,  1.6208218924802E-6,  1.3213671231323E-6
 41,  1.6281111721202E-6,  1.3145304733276E-6
 42,  1.8320425620724E-6,  1.11187968166E-6
 43,  2.4170787978703E-6,  5.2896127426619E-7
 44,  2.7218873033246E-6,  2.2758435728917E-7
 45,  2.8424334243055E-6,  1.0830874811035E-7
 46,  2.898098015099E-6,  4.4934295829045E-8
 47,  2.9250120123956E-6,  1.7772601868221E-8
 48,  2.9389929424334E-6,  9.232832634323E-9
 49,  2.9407810340832E-6,  3.6990483349986E-9
 50,  2.9355953771809E-6,  1.582494975596E-9
 51,  2.9399393501011E-6,  5.2054820110154E-10
 52,  2.9413383871016E-6,  1.9084373998105E-10
 53,  2.9410013208267E-6,  1.25739121277E-10
 54,  2.9495110162734E-6,  1.0314386775505E-10
 55,  2.9450989572845E-6,  8.6214273526818E-11
 56,  2.9389477318895E-6,  8.1854648533992E-11
 57,  2.9444966843068E-6,  7.7512721488224E-11
 58,  2.9451616210605E-6,  7.5121753612063E-11
 59,  2.9549405056992E-6,  8.0811899435661E-11
 60,  2.9466969851008E-6,  7.353824583241E-11
 61,  2.9481422570939E-6,  7.0197496578571E-11
 62,  2.9425643492863E-6,  6.634145123985E-11
 63,  2.9480971942453E-6,  6.2796691064899E-11
 64,  2.9475505564537E-6,  6.1096413898117E-11
 65,  2.9547960796574E-6,  5.8635187878036E-11
 66,  2.9444175068201E-6,  5.7885020358244E-11
 67,  2.9488391711373E-6,  5.4710488784217E-11
 68,  2.9512170194221E-6,  5.3668114359052E-11
 69,  2.942612334128E-6,  5.1233919410036E-11
 70,  2.9432243387658E-6,  5.2170433487045E-11
 71,  2.9506903846822E-6,  4.8518788650382E-11
 72,  2.9548199743371E-6,  4.6257932963148E-11
 73,  2.9482081440963E-6,  4.5886557859085E-11
 74,  2.9522923057017E-6,  4.2798417330199E-11
 75,  2.9509615576726E-6,  4.0723225857545E-11
 76,  2.9499149180441E-6,  3.9154737245983E-11
 77,  2.9449694057686E-6,  3.8498307935119E-11
 78,  2.9495666445076E-6,  3.6775017493024E-11
 79,  2.9578958703243E-6,  3.3856739054027E-11
 80,  2.9516572297701E-6,  3.2163746370591E-11
 81,  2.9596234872062E-6,  3.3510146412829E-11
 82,  2.9550740285725E-6,  3.1235230100644E-11
 83,  2.9516323902673E-6,  2.8943709543894E-11
 84,  2.9502447663578E-6,  2.7921646684201E-11
 85,  2.9572679307457E-6,  2.6364765744386E-11
 86,  2.9607739879719E-6,  2.5673004656413E-11
 87,  2.9591965248863E-6,  2.411600982116E-11
 88,  2.951104917125E-6,  2.2993122014117E-11
 89,  2.9600038191657E-6,  2.2365120728161E-11
 90,  2.9538790727792E-6,  2.0535942290754E-11
 91,  2.9596349095085E-6,  1.9512838718948E-11
 92,  2.9596955891659E-6,  1.8326457213759E-11
 93,  2.9502577148664E-6,  1.7505523262516E-11
 94,  2.9537441661035E-6,  1.7222014734989E-11
 95,  2.9669471936326E-6,  1.5677602215026E-11
 96,  2.9530437569434E-6,  1.5527377411726E-11
 97,  2.9588540753839E-6,  1.4166194069578E-11
 98,  2.9575249850846E-6,  1.3487002543965E-11
 99,  2.9597953428991E-6,  1.3103657658183E-11
 100,  2.9779996364662E-6,  1.2046156932198E-11
 101,  2.9586002720423E-6,  1.165428925511E-11
 102,  2.9595819170094E-6,  1.0998693709269E-11
 103,  2.9590298357075E-6,  1.0141783246542E-11
 104,  2.9727357007452E-6,  1.0036411873565E-11
 105,  2.9747030146187E-6,  9.7052567398686E-12
 106,  2.9607604019864E-6,  9.028608237557E-12
 107,  2.9696836331275E-6,  8.6399859841471E-12
 108,  2.9681837534143E-6,  8.3247396064252E-12
 109,  2.9705556159888E-6,  8.9821145042145E-12
 110,  2.9653388431639E-6,  7.4598510149074E-12
 111,  2.9680496249502E-6,  7.1464131948295E-12
 112,  2.9720044324174E-6,  6.7422535517938E-12
 113,  2.9615132455242E-6,  6.8124364249788E-12
 114,  2.9852981860987E-6,  6.4597684162502E-12
 115,  2.9629528775704E-6,  6.0034119060519E-12
 116,  2.9622718500619E-6,  5.5800552302724E-12
 117,  2.9749256368724E-6,  5.1657824339749E-12
 118,  2.9798552891963E-6,  5.3595624845745E-12
 119,  2.9784699877245E-6,  5.185074903615E-12
 120,  2.9695585877494E-6,  4.4043165788694E-12
 121,  2.9746095193318E-6,  4.0731134285689E-12
 122,  2.9784471916141E-6,  3.7010185904461E-12
 123,  2.9702853396458E-6,  3.2313137896759E-12
 124,  2.9742693512285E-6,  3.2562957186363E-12
 125,  2.9879596928423E-6,  3.1655014980786E-12
 126,  2.9575678298379E-6,  3.3328421267373E-12
 127,  2.9686814358821E-6,  3.1657990438123E-12
 128,  2.981603833523E-6,  3.153307381377E-12
 129,  2.9803363458772E-6,  3.2715303448054E-12
 130,  2.9870990167514E-6,  3.9388404647275E-12
 131,  2.9811896921734E-6,  3.772459856435E-12
 132,  2.9714146474709E-6,  3.515305573216E-12
 133,  2.9891775964629E-6,  3.6733562833223E-12
 134,  2.99093114133E-6,  3.8207685171092E-12
 135,  2.9814645556185E-6,  3.9496428995206E-12
 136,  2.9793298580165E-6,  8.2272235627911E-12
 137,  2.9895240625122E-6,  4.1186914989666E-12
 138,  2.979230034021E-6,  4.4478685329048E-12
 139,  2.9762705205911E-6,  4.6080478706889E-12
 140,  2.961318901644E-6,  4.9457748687491E-12
 141,  2.9875038313849E-6,  5.1210799923568E-12
 142,  2.9979950963574E-6,  5.2452379597926E-12
 143,  2.9828093337891E-6,  5.3430930876562E-12
 144,  2.9850348723067E-6,  5.5171801643331E-12
 145,  2.9855727638185E-6,  5.6797392445707E-12
 146,  2.9758788051287E-6,  5.7729685154452E-12
 147,  2.9938403756421E-6,  5.9347641140654E-12
 148,  2.9982384283589E-6,  6.2360871268307E-12
 149,  3.0028787931693E-6,  6.8467864841257E-12
 150,  2.9795559388239E-6,  7.1602944656367E-12
 151,  2.988559231396E-6,  1.0125452207374E-11
 152,  2.9956201742129E-6,  8.677290440004E-12
 153,  2.9816687146349E-6,  9.2383913019578E-12
 154,  2.969569745742E-6,  9.8453862792426E-12
 155,  2.9742140200789E-6,  1.0846853905518E-11
 156,  2.9873354383042E-6,  1.7764755514066E-11
 157,  3.0046753310982E-6,  1.3050795280621E-11
 158,  3.0052741917568E-6,  1.5704429307006E-11
 159,  2.9898518426769E-6,  1.5823314162308E-11
 160,  2.9850058810412E-6,  1.8219478416194E-11
 161,  2.9912082786464E-6,  1.8284466212696E-11
 162,  3.0019845181496E-6,  2.0735832769272E-11
 163,  2.9993682563122E-6,  2.2379354296912E-11
 164,  3.0009474108253E-6,  2.226552781395E-11
 165,  3.0149111481801E-6,  2.4060204512327E-11
 166,  3.0074867571343E-6,  3.049270943167E-11
 167,  2.9867212586658E-6,  2.6973203659237E-11
 168,  2.9906264591815E-6,  2.8789357359106E-11
 169,  2.9928360702568E-6,  2.9834851250762E-11
 170,  2.9901445549093E-6,  3.3274224901011E-11
 171,  2.9801829865346E-6,  3.3727711338323E-11
 172,  2.9812804080073E-6,  3.7563803426837E-11
 173,  2.9860810212002E-6,  4.0053407869577E-11
 174,  3.0003048605059E-6,  4.2773493080794E-11
 175,  3.0188618761899E-6,  4.6772018197491E-11
 176,  3.0212139039454E-6,  5.1795205087803E-11
 177,  3.004900667682E-6,  5.3280377858159E-11
 178,  2.9880293986017E-6,  5.4632459038466E-11
 179,  2.9921174958501E-6,  7.9300417889726E-11
 180,  2.9978945299644E-6,  6.0016981117436E-11
 181,  3.0104710479898E-6,  6.3355485747517E-11
 182,  3.0234045863756E-6,  7.1396302864474E-11
 183,  3.0146636342012E-6,  7.5687116120392E-11
 184,  3.0163091789979E-6,  9.4734111329739E-11
 185,  3.0116526062577E-6,  8.9297229170521E-11
 186,  3.0039768197527E-6,  9.7078372562356E-11
 187,  2.9977119967369E-6,  1.0603434810416E-10
 188,  2.9889376605991E-6,  1.1696714422222E-10
 189,  2.9778636022475E-6,  1.2340337925782E-10
 190,  2.9857849516744E-6,  1.3578043966684E-10
 191,  2.98726247217E-6,  1.4359985399945E-10
 192,  2.9906719508781E-6,  1.5136753589646E-10
 193,  2.9900613134214E-6,  1.6376159900789E-10
 194,  3.0045030388684E-6,  1.8905243569353E-10
 195,  3.017536778868E-6,  1.6402490115111E-10
 196,  3.0376861821281E-6,  1.727858275159E-10
 197,  3.038381471775E-6,  1.8453448693428E-10
 198,  3.0173382894521E-6,  1.6840182481999E-10
 199,  2.9989714147999E-6,  1.6699105511201E-10
 200,  3.0061754029067E-6,  1.7321472042613E-10
 201,  3.0036303465417E-6,  1.788697499307E-10
 202,  3.0171465105966E-6,  1.9198309381043E-10
 203,  3.0272516819045E-6,  2.0609407454556E-10
