 203,  30
 1,  1.5969171936533E-4
 2,  1.5934600953521E-4
 3,  1.5939191710244E-4
 4,  1.5993765678696E-4
 5,  1.5987947511701E-4
 6,  1.5943712084537E-4
 7,  1.5936980050732E-4
 8,  1.5944387433798E-4
 9,  1.5966447022351E-4
 10,  1.5962270564447E-4
 11,  1.5959890670283E-4
 12,  1.5961110661434E-4
 13,  1.5980513593243E-4
 14,  1.5993191034453E-4
 15,  1.594907861114E-4
 16,  1.595875256358E-4
 17,  1.5959326926172E-4
 18,  1.5990866098234E-4
 19,  1.597714904499E-4
 20,  1.593181572369E-4
 21,  1.5992980036255E-4
 22,  1.5984892404943E-4
 23,  1.5936727554195E-4
 24,  1.5964101884142E-4
 25,  1.600028214254E-4
 26,  1.6018493276472E-4
 27,  1.5977658143574E-4
 28,  1.6000568188484E-4
 29,  1.6010922408414E-4
 30,  1.5973120109218E-4
 31,  1.6013423464338E-4
 32,  1.6029396567752E-4
 33,  1.6011975519088E-4
 34,  1.6046343598281E-4
 35,  1.5989433460887E-4
 36,  1.6030051848685E-4
 37,  1.6002132724984E-4
 38,  1.6050595035544E-4
 39,  1.6053560119692E-4
 40,  1.5999384683568E-4
 41,  1.6018267886381E-4
 42,  1.6034016912347E-4
 43,  1.6051115935932E-4
 44,  1.6080906228585E-4
 45,  1.6100724290366E-4
 46,  1.6040013144975E-4
 47,  1.606944847335E-4
 48,  1.6032550380366E-4
 49,  1.6020130669141E-4
 50,  1.608263364717E-4
 51,  1.6129529802837E-4
 52,  1.604043936272E-4
 53,  1.6080324619127E-4
 54,  1.6110429887399E-4
 55,  1.6112187963146E-4
 56,  1.6112134581066E-4
 57,  1.6144225276219E-4
 58,  1.6171915666217E-4
 59,  1.6093151892805E-4
 60,  1.6130899129682E-4
 61,  1.6139999089904E-4
 62,  1.61582073469E-4
 63,  1.6051255358123E-4
 64,  1.6132562987196E-4
 65,  1.6189233117443E-4
 66,  1.6120305840021E-4
 67,  1.6133819551352E-4
 68,  1.6173586969886E-4
 69,  1.6102268349786E-4
 70,  1.6164524843227E-4
 71,  1.61665547461E-4
 72,  1.6212480189923E-4
 73,  1.6163083378761E-4
 74,  1.6151131924019E-4
 75,  1.6194362705386E-4
 76,  1.6153712942771E-4
 77,  1.6148388580269E-4
 78,  1.6176579738058E-4
 79,  1.6129805803904E-4
 80,  1.6232256407766E-4
 81,  1.6256533930389E-4
 82,  1.6154438909807E-4
 83,  1.6228486872631E-4
 84,  1.6220015146384E-4
 85,  1.6210350151239E-4
 86,  1.6205765797379E-4
 87,  1.621799495701E-4
 88,  1.6170573118808E-4
 89,  1.6290574551198E-4
 90,  1.6236236360703E-4
 91,  1.6257789643863E-4
 92,  1.6215945138524E-4
 93,  1.6278278095466E-4
 94,  1.6243066522385E-4
 95,  1.6308877971315E-4
 96,  1.622748704029E-4
 97,  1.627923555445E-4
 98,  1.628432573979E-4
 99,  1.6289410308156E-4
 100,  1.6295964132759E-4
 101,  1.6337911213038E-4
 102,  1.6341504355524E-4
 103,  1.6334130582229E-4
 104,  1.6365637876873E-4
 105,  1.6346926814156E-4
 106,  1.6300995182946E-4
 107,  1.6362215519837E-4
 108,  1.6474425674017E-4
 109,  1.6352075959141E-4
 110,  1.6309770454731E-4
 111,  1.636972823395E-4
 112,  1.6442674146695E-4
 113,  1.6426182567604E-4
 114,  1.6344142725316E-4
 115,  1.6401254889393E-4
 116,  1.6411425040836E-4
 117,  1.6500741163644E-4
 118,  1.6447615827046E-4
 119,  1.646004638493E-4
 120,  1.6436122109157E-4
 121,  1.6453273427557E-4
 122,  1.6441591423833E-4
 123,  1.644590099569E-4
 124,  1.6437195730511E-4
 125,  1.6532454840826E-4
 126,  1.6561167822091E-4
 127,  1.6472735987252E-4
 128,  1.6407979721131E-4
 129,  1.6437013392076E-4
 130,  1.6460932638061E-4
 131,  1.6519789037158E-4
 132,  1.6608624850707E-4
 133,  1.6626409504123E-4
 134,  1.6582143957553E-4
 135,  1.6486328093758E-4
 136,  1.644161565482E-4
 137,  1.6507656438529E-4
 138,  1.656374138937E-4
 139,  1.6629681808915E-4
 140,  1.6711939218874E-4
 141,  1.6655639658824E-4
 142,  1.6624605202207E-4
 143,  1.6615655103392E-4
 144,  1.655294242426E-4
 145,  1.6557501585517E-4
 146,  1.6588434318287E-4
 147,  1.6641859965268E-4
 148,  1.6700591150602E-4
 149,  1.6703847689677E-4
 150,  1.6668719010231E-4
 151,  1.6678276801477E-4
 152,  1.6715364085826E-4
 153,  1.6610305910455E-4
 154,  1.6588199669814E-4
 155,  1.6633591591932E-4
 156,  1.667459671682E-4
 157,  1.6725995154442E-4
 158,  1.6662028854471E-4
 159,  1.6833526016526E-4
 160,  1.6708392053493E-4
 161,  1.6723381328979E-4
 162,  1.6770120855446E-4
 163,  1.6649514938316E-4
 164,  1.6749120115435E-4
 165,  1.6694599999215E-4
 166,  1.6638138742283E-4
 167,  1.6753521627183E-4
 168,  1.6697430964547E-4
 169,  1.6863879985126E-4
 170,  1.6797491475742E-4
 171,  1.6744582465756E-4
 172,  1.6817911476735E-4
 173,  1.6765892539491E-4
 174,  1.6725364301423E-4
 175,  1.679760164153E-4
 176,  1.6752318079744E-4
 177,  1.6801152349736E-4
 178,  1.6780472338323E-4
 179,  1.6757016513306E-4
 180,  1.6869907436536E-4
 181,  1.676660506174E-4
 182,  1.6844474638362E-4
 183,  1.6872183234729E-4
 184,  1.694734079549E-4
 185,  1.6832708625938E-4
 186,  1.693944542828E-4
 187,  1.6824345481346E-4
 188,  1.6902525375128E-4
 189,  1.6848607232543E-4
 190,  1.6928239769012E-4
 191,  1.6800719569959E-4
 192,  1.6901216426304E-4
 193,  1.6802041759447E-4
 194,  1.6822257536788E-4
 195,  1.6859441948255E-4
 196,  1.6919272926665E-4
 197,  1.6850255899884E-4
 198,  1.6888956802654E-4
 199,  1.6961711620137E-4
 200,  1.6995572634621E-4
 201,  1.7015301774072E-4
 202,  1.6999871568858E-4
 203,  1.7009440626032E-4
