 int. wave (nm)     cross-section       phi
    1     121.5        1.5500E-17    0.0000
    2     116.7        3.0000E-17    0.0000
    3     117.3        2.9700E-17    0.0000
    4     117.9        2.9100E-17    0.0000
    5     118.7        2.8300E-17    0.0000
    6     119.4        2.5600E-17    0.0000
    7     120.2        2.1200E-17    0.0000
    8     120.8        1.8800E-17    0.0000
    9     121.6        1.5000E-17    0.0000
   10     122.3        1.3300E-17    0.0000
   11     123.1        1.4100E-17    0.0000
   12     123.8        1.4800E-17    0.0000
   13     124.6        1.5000E-17    0.0000
   14     125.4        1.9500E-17    0.0000
   15     126.2        1.5000E-17    0.0000
   16     127.0        1.5000E-17    0.0000
   17     127.8        4.3800E-17    0.0000
   18     128.6        4.5333E-17    0.0000
   19     129.4        4.1500E-17    0.0000
   20     130.3        7.1500E-17    0.0000
   21     131.1        6.4667E-17    0.0000
   22     132.0        6.0000E-17    0.0000
   23     132.9        2.5800E-17    0.0000
   24     133.8        7.0000E-18    0.0000
   25     134.6        3.8000E-17    0.0000
   26     135.6        7.0000E-18    0.0000
   27     136.5        2.8500E-17    0.0000
   28     137.4        3.8400E-17    0.0000
   29     138.4        1.2800E-17    0.0000
   30     139.9        2.6750E-17    0.0000
   31     141.8        4.1750E-17    0.0000
   32     143.9        2.9500E-17    0.0000
   33     145.9        7.3000E-18    0.0000
   34     148.1        2.3600E-17    0.0000
   35     150.4        3.1200E-17    0.0000
   36     152.6        2.4700E-17    0.0000
   37     155.0        1.1500E-17    0.0000
   38     157.4        4.9259E-19    0.6680
   39     160.0        3.9630E-19    0.6677
   40     162.6        3.0000E-19    0.6675
   41     165.3        2.0000E-19    0.6673
   42     168.1        1.3501E-19    0.6670
   43     170.9        1.1153E-18    0.6667
   44     173.1        1.8855E-18    0.6664
   45     174.6        2.4106E-18    0.6662
   46     176.2        2.9708E-18    0.6660
   47     177.8        3.5309E-18    0.6658
   48     179.4        4.0911E-18    0.6657
   49     181.0        6.1965E-17    0.6655
   50     182.7        3.6561E-17    0.6653
   51     184.3        2.6191E-17    0.6651
   52     186.1        2.2733E-17    0.6650
   53     187.8        2.9553E-17    0.6670
   54     189.6        5.9169E-17    0.6665
   55     191.4        1.0945E-16    0.6670
   56     193.2        1.7131E-16    0.6682
   57     195.1        2.0301E-16    0.6660
   58     197.0        2.2979E-16    0.6680
   59     199.0        2.8068E-16    0.6667
   60     201.0        1.8819E-16    0.6661
   61     203.1        1.2741E-16    0.6667
   62     205.1        6.8183E-17    0.6658
   63     207.3        3.2675E-17    0.6656
   64     209.4        1.6743E-17    0.6676
   65     211.6        5.0566E-18    0.6654
   66     213.9        1.7940E-18    0.6651
   67     216.2        5.4985E-19    0.6654
   68     218.6        1.7813E-19    0.6658
   69     221.0        3.8208E-20    0.6994
   70     223.5        9.8221E-21    0.7829
   71     226.0        3.1052E-21    0.8664
   72     228.6        1.3851E-21    0.9532
   73     231.2        1.6308E-21    1.0000
   74     233.9        2.1036E-21    1.0000
   75     236.7        2.5938E-21    1.0000
   76     239.5        3.0841E-21    1.0000
   77     242.4        3.5919E-21    1.0000
   78     245.4        4.1172E-21    1.0000
   79     248.5        4.6601E-21    1.0000
   80     251.6        5.2029E-21    1.0000
   81     254.8        5.7632E-21    1.0000
   82     258.1        6.3410E-21    1.0000
   83     261.4        6.9189E-21    1.0000
   84     264.9        7.4525E-21    1.0000
   85     268.5        6.4566E-21    1.0000
   86     272.1        5.3540E-21    1.0000
   87     275.9        4.4567E-21    1.0000
   88     279.7        4.1364E-21    1.0000
   89     283.7        4.5051E-21    0.0000
   90     287.8        6.7679E-21    0.0000
   91     292.0        1.1358E-20    0.0000
   92     296.3        1.9793E-20    0.0000
   93     300.8        3.0335E-20    0.0000
   94     305.3        4.7918E-20    0.0000
   95     310.0        6.5122E-20    0.0000
   96     315.0        7.7296E-20    0.0000
   97     320.0        7.5889E-20    0.0000
   98     325.0        5.1348E-20    0.0000
   99     330.0        2.4425E-20    0.0000
  100     335.0        1.1412E-20    0.0000
  101     340.0        6.0528E-21    0.0000
  102     345.0        3.2628E-21    0.0000
  103     350.0        1.7099E-21    0.0000
  104     355.0        8.2855E-22    0.0000
  105     360.0        4.9630E-22    0.0000
  106     365.0        2.5772E-22    0.0000
  107     370.0        1.1122E-22    0.0000
  108     375.0        7.2337E-23    0.0000
  109     380.0        4.0468E-22    0.0000
  110     385.0        3.6688E-21    0.0000
  111     390.0        7.1470E-36    0.0000
  112     395.0        0.0000E+00    0.0000
  113     400.0        0.0000E+00    0.0000
  114     405.0        0.0000E+00    0.0000
  115     410.0        0.0000E+00    0.0000
  116     415.0        0.0000E+00    0.0000
  117     420.0        0.0000E+00    0.0000
  118     425.0        0.0000E+00    0.0000
  119     430.0        0.0000E+00    0.0000
  120     435.0        0.0000E+00    0.0000
  121     440.0        0.0000E+00    0.0000
  122     445.0        0.0000E+00    0.0000
  123     450.0        0.0000E+00    0.0000
  124     455.0        0.0000E+00    0.0000
  125     460.0        0.0000E+00    0.0000
  126     465.0        0.0000E+00    0.0000
  127     470.0        0.0000E+00    0.0000
  128     475.0        0.0000E+00    0.0000
  129     480.0        0.0000E+00    0.0000
  130     485.0        0.0000E+00    0.0000
  131     490.0        0.0000E+00    0.0000
  132     495.0        0.0000E+00    0.0000
  133     500.0        0.0000E+00    0.0000
  134     505.0        0.0000E+00    0.0000
  135     510.0        0.0000E+00    0.0000
  136     515.0        0.0000E+00    0.0000
  137     520.0        0.0000E+00    0.0000
  138     525.0        0.0000E+00    0.0000
  139     530.0        0.0000E+00    0.0000
  140     535.0        0.0000E+00    0.0000
  141     540.0        0.0000E+00    0.0000
  142     545.0        0.0000E+00    0.0000
  143     550.0        0.0000E+00    0.0000
  144     555.0        0.0000E+00    0.0000
  145     560.0        0.0000E+00    0.0000
  146     565.0        0.0000E+00    0.0000
  147     570.0        0.0000E+00    0.0000
  148     575.0        0.0000E+00    0.0000
  149     580.0        0.0000E+00    0.0000
  150     585.0        0.0000E+00    0.0000
  151     590.0        0.0000E+00    0.0000
  152     595.0        0.0000E+00    0.0000
  153     600.0        0.0000E+00    0.0000
  154     605.0        0.0000E+00    0.0000
  155     610.0        0.0000E+00    0.0000
  156     615.0        0.0000E+00    0.0000
  157     620.0        0.0000E+00    0.0000
  158     625.0        0.0000E+00    0.0000
  159     630.0        0.0000E+00    0.0000
  160     635.0        0.0000E+00    0.0000
  161     640.0        0.0000E+00    0.0000
  162     645.0        0.0000E+00    0.0000
  163     650.0        0.0000E+00    0.0000
  164     655.0        0.0000E+00    0.0000
  165     660.0        0.0000E+00    0.0000
  166     665.0        0.0000E+00    0.0000
  167     670.0        0.0000E+00    0.0000
  168     675.0        0.0000E+00    0.0000
  169     680.0        0.0000E+00    0.0000
  170     685.0        0.0000E+00    0.0000
  171     690.0        0.0000E+00    0.0000
  172     695.0        0.0000E+00    0.0000
  173     700.0        0.0000E+00    0.0000
  174     705.0        0.0000E+00    0.0000
  175     710.0        0.0000E+00    0.0000
  176     715.0        0.0000E+00    0.0000
  177     720.0        0.0000E+00    0.0000
  178     725.0        0.0000E+00    0.0000
  179     730.0        0.0000E+00    0.0000
  180     735.0        0.0000E+00    0.0000
  181     740.0        0.0000E+00    0.0000
  182     745.0        0.0000E+00    0.0000
  183     750.0        0.0000E+00    0.0000
  184     755.0        0.0000E+00    0.0000
  185     760.0        0.0000E+00    0.0000
  186     765.0        0.0000E+00    0.0000
  187     770.0        0.0000E+00    0.0000
  188     775.0        0.0000E+00    0.0000
  189     780.0        0.0000E+00    0.0000
  190     785.0        0.0000E+00    0.0000
  191     790.0        0.0000E+00    0.0000
  192     795.0        0.0000E+00    0.0000
  193     800.0        0.0000E+00    0.0000
  194     805.0        0.0000E+00    0.0000
  195     810.0        0.0000E+00    0.0000
  196     815.0        0.0000E+00    0.0000
  197     820.0        0.0000E+00    0.0000
  198     825.0        0.0000E+00    0.0000
  199     830.0        0.0000E+00    0.0000
  200     835.0        0.0000E+00    0.0000
  201     840.0        0.0000E+00    0.0000
  202     845.0        0.0000E+00    0.0000
  203     850.0        0.0000E+00    0.0000
