 int. wave (nm)     cross-section       phi
    1     121.5        1.9545E-17    0.5000
    2     116.7        2.1528E-17    0.5006
    3     117.3        2.0832E-17    0.5005
    4     117.9        2.0136E-17    0.5004
    5     118.7        1.9208E-17    0.5002
    6     119.4        1.8396E-17    0.5001
    7     120.2        1.7946E-17    0.5000
    8     120.8        1.8684E-17    0.5000
    9     121.6        1.9668E-17    0.5000
   10     122.3        2.0529E-17    0.5000
   11     123.1        2.1513E-17    0.5000
   12     123.8        2.2374E-17    0.5000
   13     124.6        2.3358E-17    0.5000
   14     125.4        2.4342E-17    0.5000
   15     126.2        2.5326E-17    0.5000
   16     127.0        2.6310E-17    0.5000
   17     127.8        2.7294E-17    0.5000
   18     128.6        2.8278E-17    0.5000
   19     129.4        2.9262E-17    0.5000
   20     130.3        2.9982E-17    0.5000
   21     131.1        2.9934E-17    0.5000
   22     132.0        2.9880E-17    0.5000
   23     132.9        2.9826E-17    0.5000
   24     133.8        2.9772E-17    0.5000
   25     134.6        2.9724E-17    0.5000
   26     135.6        2.9664E-17    0.5000
   27     136.5        2.9610E-17    0.5000
   28     137.4        2.9556E-17    0.5000
   29     138.4        2.9496E-17    0.5000
   30     139.9        2.9406E-17    0.5000
   31     141.8        3.9768E-17    0.5000
   32     143.9        5.1864E-17    0.5000
   33     145.9        6.3384E-17    0.5000
   34     148.1        7.6056E-17    0.5000
   35     150.4        8.1216E-17    0.5000
   36     152.6        4.9404E-17    0.5000
   37     155.0        1.4700E-17    0.5000
   38     157.4        1.4092E-17    0.5000
   39     160.0        1.3433E-17    0.5000
   40     162.6        1.2775E-17    0.5000
   41     165.3        1.2091E-17    0.5000
   42     168.1        1.1381E-17    0.5000
   43     170.9        1.1566E-17    0.5000
   44     173.1        1.3194E-17    0.5000
   45     174.6        1.4304E-17    0.5000
   46     176.2        1.5488E-17    0.5000
   47     177.8        1.6672E-17    0.5000
   48     179.4        1.7856E-17    0.5000
   49     181.0        1.7560E-17    0.5000
   50     182.7        1.6302E-17    0.5000
   51     184.3        1.5118E-17    0.5000
   52     186.1        1.3868E-17    0.5000
   53     187.8        1.2736E-17    0.5000
   54     189.6        1.1538E-17    0.5000
   55     191.4        1.0339E-17    0.5000
   56     193.2        9.1411E-18    0.5000
   57     195.1        7.8763E-18    0.5000
   58     197.0        6.6114E-18    0.5000
   59     199.0        5.2800E-18    0.5000
   60     201.0        4.7200E-18    0.5000
   61     203.1        4.1320E-18    0.5000
   62     205.1        3.5760E-18    0.5000
   63     207.3        3.0480E-18    0.5000
   64     209.4        2.5440E-18    0.5000
   65     211.6        2.1120E-18    0.5000
   66     213.9        1.6980E-18    0.5000
   67     216.2        1.3920E-18    0.5000
   68     218.6        1.1760E-18    0.5000
   69     221.0        1.0000E-18    0.5000
   70     223.5        8.7500E-19    0.5000
   71     226.0        7.7600E-19    0.5000
   72     228.6        7.1360E-19    0.5000
   73     231.2        6.6080E-19    0.5000
   74     233.9        6.1760E-19    0.5000
   75     236.7        5.7620E-19    0.5000
   76     239.5        5.3700E-19    0.5000
   77     242.4        4.9640E-19    0.5000
   78     245.4        4.5440E-19    0.5000
   79     248.5        4.1100E-19    0.5000
   80     251.6        3.6760E-19    0.5000
   81     254.8        3.2280E-19    0.5000
   82     258.1        2.8280E-19    0.5000
   83     261.4        2.4320E-19    0.5000
   84     264.9        2.0120E-19    0.5000
   85     268.5        1.7200E-19    0.5000
   86     272.1        1.4740E-19    0.5000
   87     275.9        1.2550E-19    0.5000
   88     279.7        1.0650E-19    0.5000
   89     283.7        7.3180E-20    0.5000
   90     287.8        4.9120E-20    0.5000
   91     292.0        3.3000E-20    0.5000
   92     296.3        2.1400E-20    0.5000
   93     300.8        1.3120E-20    0.5000
   94     305.3        8.3080E-21    0.5000
   95     310.0        5.3000E-21    0.5000
   96     315.0        3.9000E-21    0.5000
   97     320.0        2.4000E-21    0.5000
   98     325.0        2.3611E-21    0.5000
   99     330.0        2.3222E-21    0.5000
  100     335.0        2.2833E-21    0.5000
  101     340.0        2.2444E-21    0.5000
  102     345.0        2.2056E-21    0.5000
  103     350.0        2.1667E-21    0.5000
  104     355.0        2.1278E-21    0.5000
  105     360.0        2.0889E-21    0.5000
  106     365.0        2.0500E-21    0.5000
  107     370.0        2.0111E-21    0.5000
  108     375.0        1.9722E-21    0.5000
  109     380.0        1.9333E-21    0.5000
  110     385.0        1.8944E-21    0.5000
  111     390.0        1.8556E-21    0.5000
  112     395.0        1.8167E-21    0.5000
  113     400.0        1.7778E-21    0.5000
  114     405.0        1.7389E-21    0.5000
  115     410.0        1.7000E-21    0.5000
  116     415.0        1.6611E-21    0.5000
  117     420.0        1.6222E-21    0.5000
  118     425.0        1.5833E-21    0.5000
  119     430.0        1.5444E-21    0.5000
  120     435.0        1.5056E-21    0.5000
  121     440.0        1.4667E-21    0.5000
  122     445.0        1.4278E-21    0.5000
  123     450.0        1.3889E-21    0.5000
  124     455.0        1.3500E-21    0.5000
  125     460.0        1.3111E-21    0.5000
  126     465.0        1.2722E-21    0.5000
  127     470.0        1.2333E-21    0.5000
  128     475.0        1.1944E-21    0.5000
  129     480.0        1.1556E-21    0.5000
  130     485.0        1.1167E-21    0.5000
  131     490.0        1.0778E-21    0.5000
  132     495.0        1.0389E-21    0.5000
  133     500.0        1.0000E-21    0.5000
  134     505.0        9.9496E-22    0.4975
  135     510.0        9.8993E-22    0.4950
  136     515.0        9.8489E-22    0.4924
  137     520.0        9.7986E-22    0.4899
  138     525.0        9.7482E-22    0.4874
  139     530.0        9.6979E-22    0.4849
  140     535.0        9.6475E-22    0.4824
  141     540.0        9.5972E-22    0.4799
  142     545.0        9.5468E-22    0.4773
  143     550.0        9.4965E-22    0.4748
  144     555.0        9.4461E-22    0.4723
  145     560.0        9.3958E-22    0.4698
  146     565.0        9.3454E-22    0.4673
  147     570.0        9.2951E-22    0.4648
  148     575.0        9.2447E-22    0.4622
  149     580.0        9.1944E-22    0.4597
  150     585.0        9.1440E-22    0.4572
  151     590.0        9.0937E-22    0.4547
  152     595.0        9.0433E-22    0.4522
  153     600.0        8.9930E-22    0.4496
  154     605.0        8.9426E-22    0.4471
  155     610.0        8.8922E-22    0.4446
  156     615.0        8.8419E-22    0.4421
  157     620.0        8.7915E-22    0.4396
  158     625.0        8.7412E-22    0.4371
  159     630.0        8.6908E-22    0.4345
  160     635.0        8.6405E-22    0.4320
  161     640.0        8.5901E-22    0.4295
  162     645.0        8.5398E-22    0.4270
  163     650.0        8.4894E-22    0.4245
  164     655.0        8.4391E-22    0.4220
  165     660.0        8.3887E-22    0.4194
  166     665.0        8.3384E-22    0.4169
  167     670.0        8.2880E-22    0.4144
  168     675.0        8.2377E-22    0.4119
  169     680.0        8.1873E-22    0.4094
  170     685.0        8.1370E-22    0.4068
  171     690.0        8.0866E-22    0.4043
  172     695.0        8.0363E-22    0.4018
  173     700.0        7.9859E-22    0.3993
  174     705.0        7.9355E-22    0.3968
  175     710.0        7.8852E-22    0.3943
  176     715.0        7.8348E-22    0.3917
  177     720.0        7.7845E-22    0.3892
  178     725.0        7.7341E-22    0.3867
  179     730.0        7.6838E-22    0.3842
  180     735.0        7.6334E-22    0.3817
  181     740.0        7.5831E-22    0.3792
  182     745.0        7.5327E-22    0.3766
  183     750.0        7.4824E-22    0.3741
  184     755.0        7.4320E-22    0.3716
  185     760.0        7.3817E-22    0.3691
  186     765.0        7.3313E-22    0.3666
  187     770.0        7.2810E-22    0.3640
  188     775.0        7.2306E-22    0.3615
  189     780.0        7.1803E-22    0.3590
  190     785.0        7.1299E-22    0.3565
  191     790.0        7.0796E-22    0.3540
  192     795.0        7.0292E-22    0.3515
  193     800.0        6.9789E-22    0.3489
  194     805.0        6.9285E-22    0.3464
  195     810.0        6.8781E-22    0.3439
  196     815.0        6.8278E-22    0.3414
  197     820.0        6.7774E-22    0.3389
  198     825.0        6.7271E-22    0.3364
  199     830.0        6.6767E-22    0.3338
  200     835.0        6.6264E-22    0.3313
  201     840.0        6.5760E-22    0.3288
  202     845.0        6.5257E-22    0.3263
  203     850.0        6.4753E-22    0.3238
