 203,  30
 1,  1.1995617244862E-5,  9.3431878080799E-6
 2,  1.1994004937235E-5,  9.3419759309352E-6
 3,  1.1994208346872E-5,  9.3421277258918E-6
 4,  1.199441121429E-5,  9.342279431494E-6
 5,  1.1994680867382E-5,  9.3424815671239E-6
 6,  1.1994916035803E-5,  9.3426583066175E-6
 7,  1.1995183918506E-5,  9.3428601479056E-6
 8,  1.1995384218715E-5,  9.3430114264839E-6
 9,  1.1995650476826E-5,  9.3432129956142E-6
 10,  1.19958827005E-5,  9.3433892421821E-6
 11,  1.1996147246896E-5,  9.3435905229392E-6
 12,  1.1996377985634E-5,  9.3437665183471E-6
 13,  1.1996640849397E-5,  9.3439675136475E-6
 14,  1.1996902827355E-5,  9.3441683579077E-6
 15,  1.1997163927421E-5,  9.3443690521479E-6
 16,  1.1997424157386E-5,  9.3445695970225E-6
 17,  1.1997683524925E-5,  9.3447699936027E-6
 18,  1.1997942037592E-5,  9.3449702424181E-6
 19,  1.199819970283E-5,  9.3451703445557E-6
 20,  1.1998488572407E-5,  9.3453952849506E-6
 21,  1.1998744461076E-5,  9.3455950776819E-6
 22,  1.1999031350203E-5,  9.3458196720505E-6
 23,  1.1999317205323E-5,  9.3460440845114E-6
 24,  1.1999602036244E-5,  9.3462683162613E-6
 25,  1.1999854367272E-5,  9.346467482497E-6
 26,  1.2000168663961E-5,  9.346716241729E-6
 27,  1.2000450479623E-5,  9.3469399372973E-6
 28,  1.2000731308819E-5,  9.3471634562648E-6
 29,  1.2001042195319E-5,  9.3474116044539E-6
 30,  1.2001506289292E-5,  9.3477834233533E-6
 31,  1.2002090346653E-5,  9.3482537051531E-6
 32,  1.2002731038301E-5,  9.3487726057056E-6
 33,  1.2021366876547E-5,  9.3315948437178E-6
 34,  1.2007249249708E-5,  9.3473412261484E-6
 35,  1.1967365895205E-5,  9.388587581625E-6
 36,  1.1947571710566E-5,  9.409694087383E-6
 37,  1.1926780191536E-5,  9.4319379817618E-6
 38,  1.1897135069916E-5,  9.4630709150705E-6
 39,  1.1833523964494E-5,  9.528300810407E-6
 40,  1.176477757431E-5,  9.59847885349E-6
 41,  1.1814010675193E-5,  9.5497082319434E-6
 42,  1.2407356377703E-5,  8.9555587189002E-6
 43,  1.3896141042431E-5,  7.4737757932925E-6
 44,  1.5965910725959E-5,  5.4088728028949E-6
 45,  1.7918380921547E-5,  3.4425648694367E-6
 46,  1.9653697806568E-5,  1.7184629115306E-6
 47,  2.0649979905652E-5,  7.4901956796311E-7
 48,  2.1004165951273E-5,  3.9332855034579E-7
 49,  2.1201417036198E-5,  1.5878485046825E-7
 50,  2.1286921082935E-5,  7.0402612092012E-8
 51,  2.1359969492256E-5,  2.3641991641634E-8
 52,  2.138237262326E-5,  8.501994021564E-9
 53,  2.1361498026412E-5,  5.7555693803611E-9
 54,  2.1351052073289E-5,  4.5786023602059E-9
 55,  2.1372069326249E-5,  3.9225834258267E-9
 56,  2.1377236786931E-5,  3.634201284743E-9
 57,  2.1369907055816E-5,  3.5046772195501E-9
 58,  2.137805555078E-5,  3.3999313166265E-9
 59,  2.1383323021143E-5,  3.2965891407725E-9
 60,  2.1381223784186E-5,  3.1792581397377E-9
 61,  2.1381534968314E-5,  3.0923820577801E-9
 62,  2.1401403950461E-5,  2.9818370449663E-9
 63,  2.1380248006239E-5,  2.84500092213E-9
 64,  2.1364765713438E-5,  2.7273037846122E-9
 65,  2.1381158972613E-5,  2.6343243392886E-9
 66,  2.140286101634E-5,  2.5549098214665E-9
 67,  2.1381974517063E-5,  2.4774977060117E-9
 68,  2.1409120318179E-5,  2.4035629392826E-9
 69,  2.1375905898243E-5,  2.4983556317498E-9
 70,  2.1404561222102E-5,  2.2418250783312E-9
 71,  2.1367962291927E-5,  2.1509191619647E-9
 72,  2.1399520621913E-5,  2.0785418468859E-9
 73,  2.1424326826438E-5,  2.0055988860781E-9
 74,  2.1407311928145E-5,  1.9097921748808E-9
 75,  2.13959449645E-5,  1.828460643419E-9
 76,  2.1392700097564E-5,  1.7514669292803E-9
 77,  2.1391964392074E-5,  1.7159777606019E-9
 78,  2.1377742075574E-5,  1.5884398269373E-9
 79,  2.1425592091202E-5,  1.5110613513485E-9
 80,  2.1396577709949E-5,  1.4552878275283E-9
 81,  2.1412436244137E-5,  1.3866282951502E-9
 82,  2.1396086938233E-5,  1.3344685266753E-9
 83,  2.1438203551212E-5,  1.2871737859604E-9
 84,  2.1420865477917E-5,  1.2330371361533E-9
 85,  2.1397634324622E-5,  1.1946907529014E-9
 86,  2.1418081133362E-5,  1.1269621456736E-9
 87,  2.1422893921191E-5,  1.0798964513413E-9
 88,  2.1412825656823E-5,  1.0259695149657E-9
 89,  2.1438162498755E-5,  9.7369791114514E-10
 90,  2.1402283913252E-5,  9.1999111822595E-10
 91,  2.1421652487237E-5,  8.7065873250174E-10
 92,  2.1403747647751E-5,  8.1910151144421E-10
 93,  2.1485574078305E-5,  7.7153136581343E-10
 94,  2.1448700084459E-5,  7.3749436668279E-10
 95,  2.1434000159117E-5,  7.7395545376203E-10
 96,  2.1420443151519E-5,  6.6601131716842E-10
 97,  2.1452122489904E-5,  6.3508630244926E-10
 98,  2.1442881987343E-5,  6.0553357456288E-10
 99,  2.1456136284294E-5,  5.7246681386177E-10
 100,  2.1435729153882E-5,  5.4078711127226E-10
 101,  2.1428539749606E-5,  5.118846512029E-10
 102,  2.1432921768115E-5,  4.8148872595129E-10
 103,  2.1471421773253E-5,  4.5391733882912E-10
 104,  2.1505039883533E-5,  4.3580349452874E-10
 105,  2.1431711133194E-5,  4.1850707101221E-10
 106,  2.1460094323586E-5,  3.9794511685464E-10
 107,  2.1476109272629E-5,  3.8124511544686E-10
 108,  2.1457285431927E-5,  3.6408547671955E-10
 109,  2.1457698592291E-5,  3.4891249123866E-10
 110,  2.1465337552125E-5,  3.3578939173488E-10
 111,  2.1470405461687E-5,  3.1658057425554E-10
 112,  2.1437786753048E-5,  3.0684742333836E-10
 113,  2.1454930624062E-5,  2.8531931971134E-10
 114,  2.1477082815259E-5,  2.7308266748165E-10
 115,  2.1517081406767E-5,  2.5773130309624E-10
 116,  2.151730088612E-5,  2.419856369321E-10
 117,  2.1520676906073E-5,  2.3540037920235E-10
 118,  2.1488009971743E-5,  2.1525725299454E-10
 119,  2.1457297395878E-5,  2.0486191345745E-10
 120,  2.1496013154267E-5,  1.9282236495433E-10
 121,  2.1515764961304E-5,  1.8287002836494E-10
 122,  2.147397067211E-5,  1.6301354396116E-10
 123,  2.1467810832483E-5,  1.443612294592E-10
 124,  2.1511068867933E-5,  1.4181511021928E-10
 125,  2.1500599007018E-5,  1.5163520027291E-10
 126,  2.1482861383708E-5,  1.3920787103345E-10
 127,  2.1469171046559E-5,  1.38562419893E-10
 128,  2.1467764675997E-5,  1.4131448994922E-10
 129,  2.153221355504E-5,  1.4961042149077E-10
 130,  2.1572394680167E-5,  1.4992190475183E-10
 131,  2.1550950703618E-5,  1.560919478524E-10
 132,  2.1546418223191E-5,  1.5654084983569E-10
 133,  2.1525404512043E-5,  1.6007385011691E-10
 134,  2.1489543560474E-5,  1.6992094049092E-10
 135,  2.151067672831E-5,  1.772429320283E-10
 136,  2.1514363435892E-5,  1.8172992256003E-10
 137,  2.1530897939241E-5,  1.8266709911167E-10
 138,  2.1563233227803E-5,  2.1837165203268E-10
 139,  2.1536972669455E-5,  2.0127617226997E-10
 140,  2.1480473996759E-5,  2.1538525552933E-10
 141,  2.148147659398E-5,  2.276213038584E-10
 142,  2.1488173781399E-5,  2.3237505095055E-10
 143,  2.1519637313708E-5,  2.3769414745928E-10
 144,  2.1511354267407E-5,  2.4226620471031E-10
 145,  2.1525177726469E-5,  2.4812386607148E-10
 146,  2.1512238823039E-5,  2.525201830408E-10
 147,  2.1599206557494E-5,  2.6358208909776E-10
 148,  2.1593757465648E-5,  2.7958978903765E-10
 149,  2.1615490118068E-5,  2.9197257697504E-10
 150,  2.159609743564E-5,  3.2010227335542E-10
 151,  2.1609935758527E-5,  3.4658019466491E-10
 152,  2.1538941635114E-5,  3.7544749427465E-10
 153,  2.1509709024526E-5,  4.0315911730999E-10
 154,  2.1537025132279E-5,  4.4429203057469E-10
 155,  2.1537533827367E-5,  4.7762348839419E-10
 156,  2.1560690998198E-5,  5.2806833623735E-10
 157,  2.1549070649476E-5,  5.8078127333425E-10
 158,  2.1548695575264E-5,  6.4085346426247E-10
 159,  2.1546066265335E-5,  6.9513826867016E-10
 160,  2.1565927408353E-5,  7.5680411893916E-10
 161,  2.1509552716267E-5,  8.07306708029E-10
 162,  2.1505984740669E-5,  8.6545886841642E-10
 163,  2.1478003580027E-5,  9.3005932924779E-10
 164,  2.1532119861766E-5,  9.9891523188973E-10
 165,  2.1583099396795E-5,  1.0789681769569E-9
 166,  2.1588780029877E-5,  1.1267571290059E-9
 167,  2.1663020576389E-5,  1.1941457383471E-9
 168,  2.1609502830531E-5,  1.2364174454237E-9
 169,  2.159465577781E-5,  1.2996330698905E-9
 170,  2.1636688745451E-5,  1.401343709042E-9
 171,  2.1635226589526E-5,  1.4693703863236E-9
 172,  2.1621384363068E-5,  1.6153789013894E-9
 173,  2.1646712707354E-5,  1.7645912208644E-9
 174,  2.1620159526101E-5,  1.8962536340412E-9
 175,  2.1588108579128E-5,  2.1039067542175E-9
 176,  2.1533403391645E-5,  2.1884729405194E-9
 177,  2.1559486884306E-5,  2.3638766588705E-9
 178,  2.1554901842808E-5,  2.3996168864882E-9
 179,  2.1567213843928E-5,  2.4678665896862E-9
 180,  2.1549989516925E-5,  2.6345292580528E-9
 181,  2.1566910916157E-5,  2.8535411953278E-9
 182,  2.159680624857E-5,  3.0587365519108E-9
 183,  2.1599561571477E-5,  3.3163316734679E-9
 184,  2.1594791122597E-5,  3.6438317301641E-9
 185,  2.1585940066609E-5,  3.932424946871E-9
 186,  2.1558123622406E-5,  4.2962597984406E-9
 187,  2.1567042957421E-5,  4.6609738133972E-9
 188,  2.1574271355334E-5,  5.1294534017445E-9
 189,  2.1562115748422E-5,  5.532710911269E-9
 190,  2.1606610043322E-5,  5.8981891002145E-9
 191,  2.1597033061387E-5,  6.3311797445301E-9
 192,  2.1597892243431E-5,  6.6007604529808E-9
 193,  2.1675497877276E-5,  7.1427802278553E-9
 194,  2.1694625614831E-5,  7.1546103369048E-9
 195,  2.1707593842898E-5,  7.3020026781839E-9
 196,  2.1721530812543E-5,  7.3641886859377E-9
 197,  2.1702943946801E-5,  7.3249280940898E-9
 198,  2.1728096356787E-5,  7.352349550363E-9
 199,  2.1641346287564E-5,  7.345213422303E-9
 200,  2.1654725584299E-5,  7.6071907182795E-9
 201,  2.1674773193116E-5,  7.5904339715731E-9
 202,  2.1600939163027E-5,  8.24350189217E-9
 203,  2.1625248843892E-5,  9.0044935382788E-9
