 int. wave (nm)     cross-section       phi
    1     121.5        7.4000E-18    0.0000
    2     116.7        1.6250E-17    0.0000
    3     117.3        1.2640E-17    0.0000
    4     117.9        1.6700E-17    0.0000
    5     118.7        1.3500E-17    0.0000
    6     119.4        1.9185E-17    0.0000
    7     120.2        7.9231E-18    0.0000
    8     120.8        1.2880E-17    0.0000
    9     121.6        1.0914E-17    0.0000
   10     122.3        2.5825E-17    0.0000
   11     123.1        7.2375E-18    0.0000
   12     123.8        2.2000E-17    0.0000
   13     124.6        6.9750E-18    0.0000
   14     125.4        8.2750E-18    0.0000
   15     126.2        1.9800E-17    0.0000
   16     127.0        9.1882E-18    0.0000
   17     127.8        1.2765E-17    0.0000
   18     128.6        4.9800E-17    0.0000
   19     129.4        2.6000E-17    0.0000
   20     130.3        1.0500E-17    0.0000
   21     131.1        6.0000E-18    0.0000
   22     132.0        6.0000E-18    0.0000
   23     132.9        3.3333E-18    0.0000
   24     133.8        1.2778E-17    0.0000
   25     134.6        7.8750E-18    0.0000
   26     135.6        1.0000E-17    0.0000
   27     136.5        9.3333E-18    0.0000
   28     137.4        4.8000E-17    0.0000
   29     138.4        8.5455E-18    0.0000
   30     139.9        3.1000E-17    0.0000
   31     141.8        3.8000E-18    0.0000
   32     143.9        3.2750E-18    0.0000
   33     145.9        4.0800E-18    0.0000
   34     148.1        5.2000E-18    0.0000
   35     150.4        1.2600E-17    0.0000
   36     152.6        5.3000E-17    0.0000
   37     155.0        7.0000E-18    0.0000
   38     157.4        5.0000E-19    0.0000
   39     160.0        5.0000E-19    0.0000
   40     162.6        5.0000E-19    0.0000
   41     165.3        5.0000E-19    0.0000
   42     168.1        1.9500E-18    0.0000
   43     170.9        1.9000E-18    0.0000
   44     173.1        1.1000E-17    0.0000
   45     174.6        2.5600E-17    0.0000
   46     176.2        4.0500E-18    0.0000
   47     177.8        4.4500E-18    0.0000
   48     179.4        4.8500E-18    0.0000
   49     181.0        4.4000E-18    0.0000
   50     182.7        3.3800E-18    0.0000
   51     184.3        2.4200E-18    0.0000
   52     186.1        1.8543E-18    0.0103
   53     187.8        1.6291E-18    0.0263
   54     189.6        1.3907E-18    0.0432
   55     191.4        1.1522E-18    0.0601
   56     193.2        9.1377E-19    0.0770
   57     195.1        6.6209E-19    0.0948
   58     197.0        4.1040E-19    0.1126
   59     199.0        1.4547E-19    0.1314
   60     201.0        1.2500E-20    0.1549
   61     203.1        1.1450E-20    0.1847
   62     205.1        1.0450E-20    0.2131
   63     207.3        9.3500E-21    0.2442
   64     209.4        8.3000E-21    0.2740
   65     211.6        7.5200E-21    0.3051
   66     213.9        6.8300E-21    0.3377
   67     216.2        6.1400E-21    0.3702
   68     218.6        5.4200E-21    0.4042
   69     221.0        4.8600E-21    0.4380
   70     223.5        4.5100E-21    0.4730
   71     226.0        4.1600E-21    0.5079
   72     228.6        3.7960E-21    0.5443
   73     231.2        3.5280E-21    0.5810
   74     233.9        3.3660E-21    0.6196
   75     236.7        3.1980E-21    0.6596
   76     239.5        3.0300E-21    0.6995
   77     242.4        3.4320E-21    0.7406
   78     245.4        3.9720E-21    0.7829
   79     248.5        4.5300E-21    0.8267
   80     251.6        5.6533E-21    0.8561
   81     254.8        7.3600E-21    0.8726
   82     258.1        6.0680E-21    0.8598
   83     261.4        4.8333E-21    0.8280
   84     264.9        4.5000E-21    0.7960
   85     268.5        1.0833E-20    0.7631
   86     272.1        1.4643E-20    0.7296
   87     275.9        2.4211E-20    0.6939
   88     279.7        2.8233E-20    0.6592
   89     283.7        2.4000E-20    0.6221
   90     287.8        2.4000E-20    0.5847
   91     292.0        3.2000E-20    0.5453
   92     296.3        3.2000E-20    0.5056
   93     300.8        3.3000E-20    0.4736
   94     305.3        3.3000E-20    0.4586
   95     310.0        3.1000E-20    0.4455
   96     315.0        3.1000E-20    0.4270
   97     320.0        2.4000E-20    0.4081
   98     325.0        2.4000E-20    0.3857
   99     330.0        2.4000E-20    0.3000
  100     335.0        2.4000E-20    0.0000
  101     340.0        2.0000E-20    0.0000
  102     345.0        2.0000E-20    0.0000
  103     350.0        8.0000E-21    0.0000
  104     355.0        8.0000E-21    0.0000
  105     360.0        2.0000E-21    0.0000
  106     365.0        2.0000E-21    0.0000
  107     370.0        1.9000E-21    0.0000
  108     375.0        9.3547E-51    0.0000
  109     380.0        0.0000E+00    0.0000
  110     385.0        0.0000E+00    0.0000
  111     390.0        0.0000E+00    0.0000
  112     395.0        0.0000E+00    0.0000
  113     400.0        0.0000E+00    0.0000
  114     405.0        0.0000E+00    0.0000
  115     410.0        0.0000E+00    0.0000
  116     415.0        0.0000E+00    0.0000
  117     420.0        0.0000E+00    0.0000
  118     425.0        0.0000E+00    0.0000
  119     430.0        0.0000E+00    0.0000
  120     435.0        0.0000E+00    0.0000
  121     440.0        0.0000E+00    0.0000
  122     445.0        0.0000E+00    0.0000
  123     450.0        0.0000E+00    0.0000
  124     455.0        0.0000E+00    0.0000
  125     460.0        0.0000E+00    0.0000
  126     465.0        0.0000E+00    0.0000
  127     470.0        0.0000E+00    0.0000
  128     475.0        0.0000E+00    0.0000
  129     480.0        0.0000E+00    0.0000
  130     485.0        0.0000E+00    0.0000
  131     490.0        0.0000E+00    0.0000
  132     495.0        0.0000E+00    0.0000
  133     500.0        0.0000E+00    0.0000
  134     505.0        0.0000E+00    0.0000
  135     510.0        0.0000E+00    0.0000
  136     515.0        0.0000E+00    0.0000
  137     520.0        0.0000E+00    0.0000
  138     525.0        0.0000E+00    0.0000
  139     530.0        0.0000E+00    0.0000
  140     535.0        0.0000E+00    0.0000
  141     540.0        0.0000E+00    0.0000
  142     545.0        0.0000E+00    0.0000
  143     550.0        0.0000E+00    0.0000
  144     555.0        0.0000E+00    0.0000
  145     560.0        0.0000E+00    0.0000
  146     565.0        0.0000E+00    0.0000
  147     570.0        0.0000E+00    0.0000
  148     575.0        0.0000E+00    0.0000
  149     580.0        0.0000E+00    0.0000
  150     585.0        0.0000E+00    0.0000
  151     590.0        0.0000E+00    0.0000
  152     595.0        0.0000E+00    0.0000
  153     600.0        0.0000E+00    0.0000
  154     605.0        0.0000E+00    0.0000
  155     610.0        0.0000E+00    0.0000
  156     615.0        0.0000E+00    0.0000
  157     620.0        0.0000E+00    0.0000
  158     625.0        0.0000E+00    0.0000
  159     630.0        0.0000E+00    0.0000
  160     635.0        0.0000E+00    0.0000
  161     640.0        0.0000E+00    0.0000
  162     645.0        0.0000E+00    0.0000
  163     650.0        0.0000E+00    0.0000
  164     655.0        0.0000E+00    0.0000
  165     660.0        0.0000E+00    0.0000
  166     665.0        0.0000E+00    0.0000
  167     670.0        0.0000E+00    0.0000
  168     675.0        0.0000E+00    0.0000
  169     680.0        0.0000E+00    0.0000
  170     685.0        0.0000E+00    0.0000
  171     690.0        0.0000E+00    0.0000
  172     695.0        0.0000E+00    0.0000
  173     700.0        0.0000E+00    0.0000
  174     705.0        0.0000E+00    0.0000
  175     710.0        0.0000E+00    0.0000
  176     715.0        0.0000E+00    0.0000
  177     720.0        0.0000E+00    0.0000
  178     725.0        0.0000E+00    0.0000
  179     730.0        0.0000E+00    0.0000
  180     735.0        0.0000E+00    0.0000
  181     740.0        0.0000E+00    0.0000
  182     745.0        0.0000E+00    0.0000
  183     750.0        0.0000E+00    0.0000
  184     755.0        0.0000E+00    0.0000
  185     760.0        0.0000E+00    0.0000
  186     765.0        0.0000E+00    0.0000
  187     770.0        0.0000E+00    0.0000
  188     775.0        0.0000E+00    0.0000
  189     780.0        0.0000E+00    0.0000
  190     785.0        0.0000E+00    0.0000
  191     790.0        0.0000E+00    0.0000
  192     795.0        0.0000E+00    0.0000
  193     800.0        0.0000E+00    0.0000
  194     805.0        0.0000E+00    0.0000
  195     810.0        0.0000E+00    0.0000
  196     815.0        0.0000E+00    0.0000
  197     820.0        0.0000E+00    0.0000
  198     825.0        0.0000E+00    0.0000
  199     830.0        0.0000E+00    0.0000
  200     835.0        0.0000E+00    0.0000
  201     840.0        0.0000E+00    0.0000
  202     845.0        0.0000E+00    0.0000
  203     850.0        0.0000E+00    0.0000
