 int. wave (nm)     cross-section       phi
    1     121.5        5.1942E-17    0.7100
    2     116.7        5.4701E-17    0.7100
    3     117.3        5.4356E-17    0.7100
    4     117.9        5.4011E-17    0.7100
    5     118.7        5.3552E-17    0.7100
    6     119.4        5.3149E-17    0.7100
    7     120.2        5.2690E-17    0.7100
    8     120.8        5.2345E-17    0.7100
    9     121.6        5.1885E-17    0.7100
   10     122.3        5.1483E-17    0.7100
   11     123.1        5.1023E-17    0.7100
   12     123.8        5.0621E-17    0.7100
   13     124.6        5.0161E-17    0.7100
   14     125.4        4.9701E-17    0.7100
   15     126.2        4.9241E-17    0.7100
   16     127.0        4.8781E-17    0.7100
   17     127.8        4.8322E-17    0.7100
   18     128.6        4.7862E-17    0.7100
   19     129.4        4.7402E-17    0.7100
   20     130.3        4.6885E-17    0.7100
   21     131.1        4.6425E-17    0.7100
   22     132.0        4.5908E-17    0.7100
   23     132.9        4.5391E-17    0.7100
   24     133.8        4.4873E-17    0.7100
   25     134.6        4.4414E-17    0.7100
   26     135.6        4.3839E-17    0.7100
   27     136.5        4.3322E-17    0.7100
   28     137.4        4.2804E-17    0.7100
   29     138.4        4.2230E-17    0.7100
   30     139.9        4.1368E-17    0.7100
   31     141.8        4.0276E-17    0.7100
   32     143.9        3.9069E-17    0.7100
   33     145.9        3.7919E-17    0.7100
   34     148.1        3.6655E-17    0.7100
   35     150.4        3.5333E-17    0.7100
   36     152.6        3.4069E-17    0.7100
   37     155.0        3.2689E-17    0.7100
   38     157.4        3.1310E-17    0.7100
   39     160.0        2.9816E-17    0.7100
   40     162.6        2.8321E-17    0.7100
   41     165.3        2.6770E-17    0.7100
   42     168.1        2.5160E-17    0.7100
   43     170.9        2.3551E-17    0.7100
   44     173.1        2.2287E-17    0.7100
   45     174.6        2.1425E-17    0.7100
   46     176.2        2.0505E-17    0.7100
   47     177.8        1.9586E-17    0.7100
   48     179.4        1.8666E-17    0.7100
   49     181.0        1.7747E-17    0.7100
   50     182.7        1.6770E-17    0.7100
   51     184.3        1.5850E-17    0.7100
   52     186.1        1.4950E-17    0.7100
   53     187.8        1.4100E-17    0.7100
   54     189.6        1.3200E-17    0.7100
   55     191.4        1.2160E-17    0.7100
   56     193.2        1.1080E-17    0.7100
   57     195.1        9.9440E-18    0.7100
   58     197.0        8.8800E-18    0.7100
   59     199.0        5.5360E-18    0.7100
   60     201.0        5.1440E-18    0.7100
   61     203.1        4.7324E-18    0.7100
   62     205.1        4.3402E-18    0.7100
   63     207.3        3.9046E-18    0.7100
   64     209.4        3.4888E-18    0.7100
   65     211.6        3.2228E-18    0.7100
   66     213.9        3.0112E-18    0.7100
   67     216.2        2.8428E-18    0.7100
   68     218.6        2.7084E-18    0.7100
   69     221.0        2.5800E-18    0.7100
   70     223.5        2.4550E-18    0.7100
   71     226.0        2.3260E-18    0.7100
   72     228.6        2.1856E-18    0.7100
   73     231.2        2.0308E-18    0.7100
   74     233.9        1.8526E-18    0.7100
   75     236.7        1.6508E-18    0.7100
   76     239.5        1.4380E-18    0.7100
   77     242.4        1.2224E-18    0.7100
   78     245.4        1.0073E-18    0.7100
   79     248.5        8.3120E-19    0.7100
   80     251.6        6.8296E-19    0.7100
   81     254.8        5.5688E-19    0.7100
   82     258.1        4.7212E-19    0.7100
   83     261.4        4.0428E-19    0.7100
   84     264.9        3.5248E-19    0.7100
   85     268.5        3.2020E-19    0.7100
   86     272.1        2.9566E-19    0.7100
   87     275.9        2.7622E-19    0.7100
   88     279.7        2.6026E-19    0.7100
   89     283.7        2.4494E-19    0.7100
   90     287.8        2.2824E-19    0.7100
   91     292.0        2.1020E-19    0.7100
   92     296.3        1.9102E-19    0.7100
   93     300.8        1.7064E-19    0.7100
   94     305.3        1.5180E-19    0.7100
   95     310.0        1.3300E-19    0.7100
   96     315.0        1.1700E-19    0.7100
   97     320.0        1.0300E-19    0.7100
   98     325.0        9.2700E-20    0.7100
   99     330.0        8.4400E-20    0.7100
  100     335.0        7.7800E-20    0.7100
  101     340.0        7.2400E-20    0.7100
  102     345.0        6.7700E-20    0.7100
  103     350.0        6.3100E-20    0.7100
  104     355.0        5.8400E-20    0.7100
  105     360.0        5.3900E-20    0.7100
  106     365.0        4.8800E-20    0.7100
  107     370.0        4.4000E-20    0.7100
  108     375.0        3.9000E-20    0.7100
  109     380.0        3.4200E-20    0.7100
  110     385.0        2.9800E-20    0.7100
  111     390.0        2.5800E-20    0.7100
  112     395.0        2.2400E-20    0.7100
  113     400.0        1.9800E-20    0.7100
  114     405.0        1.7400E-20    0.7100
  115     410.0        1.5800E-20    0.7100
  116     415.0        1.4500E-20    0.7100
  117     420.0        1.3500E-20    0.7100
  118     425.0        1.2800E-20    0.7100
  119     430.0        1.2200E-20    0.7100
  120     435.0        1.1500E-20    0.7100
  121     440.0        1.0800E-20    0.7100
  122     445.0        2.9000E-21    0.7100
  123     450.0        9.0700E-21    0.7100
  124     455.0        8.0000E-21    0.7100
  125     460.0        7.0400E-21    0.7100
  126     465.0        5.9500E-21    0.7100
  127     470.0        4.9200E-21    0.7100
  128     475.0        3.8400E-21    0.7100
  129     480.0        2.9200E-21    0.7100
  130     485.0        2.1700E-21    0.7100
  131     490.0        1.4200E-21    0.7100
  132     495.0        8.6000E-22    0.7100
  133     500.0        8.7273E-22    0.7100
  134     505.0        8.8545E-22    0.7100
  135     510.0        8.9818E-22    0.7100
  136     515.0        9.1091E-22    0.7100
  137     520.0        9.2364E-22    0.7100
  138     525.0        9.3636E-22    0.7100
  139     530.0        9.4909E-22    0.7100
  140     535.0        9.6182E-22    0.7100
  141     540.0        9.7455E-22    0.7100
  142     545.0        9.8727E-22    0.7100
  143     550.0        1.0000E-21    0.7100
  144     555.0        9.8418E-22    0.7100
  145     560.0        9.6835E-22    0.7100
  146     565.0        9.5253E-22    0.7100
  147     570.0        9.3671E-22    0.7100
  148     575.0        9.2089E-22    0.7100
  149     580.0        9.0506E-22    0.7100
  150     585.0        8.8924E-22    0.7100
  151     590.0        8.7342E-22    0.7100
  152     595.0        8.5759E-22    0.7100
  153     600.0        8.4177E-22    0.7100
  154     605.0        8.2595E-22    0.7100
  155     610.0        8.1013E-22    0.7100
  156     615.0        7.9430E-22    0.7100
  157     620.0        7.7848E-22    0.7100
  158     625.0        7.6266E-22    0.7100
  159     630.0        7.4684E-22    0.7100
  160     635.0        7.3101E-22    0.7100
  161     640.0        7.1519E-22    0.7100
  162     645.0        6.9937E-22    0.7100
  163     650.0        6.8354E-22    0.7100
  164     655.0        6.6772E-22    0.7100
  165     660.0        6.5190E-22    0.7100
  166     665.0        6.3608E-22    0.7100
  167     670.0        6.2025E-22    0.7100
  168     675.0        6.0443E-22    0.7100
  169     680.0        5.8861E-22    0.7100
  170     685.0        5.7278E-22    0.7100
  171     690.0        5.5696E-22    0.7100
  172     695.0        5.4114E-22    0.7100
  173     700.0        5.2532E-22    0.7100
  174     705.0        5.0949E-22    0.7100
  175     710.0        4.9367E-22    0.7100
  176     715.0        4.7785E-22    0.7100
  177     720.0        4.6203E-22    0.7100
  178     725.0        4.4620E-22    0.7100
  179     730.0        4.3038E-22    0.7100
  180     735.0        4.1456E-22    0.7100
  181     740.0        3.9873E-22    0.7100
  182     745.0        3.8291E-22    0.7100
  183     750.0        3.6709E-22    0.7100
  184     755.0        3.5127E-22    0.7100
  185     760.0        3.3544E-22    0.7100
  186     765.0        3.1962E-22    0.7100
  187     770.0        3.0380E-22    0.7100
  188     775.0        2.8797E-22    0.7100
  189     780.0        2.7215E-22    0.7100
  190     785.0        2.5633E-22    0.7100
  191     790.0        2.4051E-22    0.7100
  192     795.0        2.2468E-22    0.7100
  193     800.0        2.0886E-22    0.7100
  194     805.0        1.9304E-22    0.7100
  195     810.0        1.7722E-22    0.7100
  196     815.0        1.6139E-22    0.7100
  197     820.0        1.4557E-22    0.7100
  198     825.0        1.2975E-22    0.7100
  199     830.0        1.1392E-22    0.7100
  200     835.0        9.8101E-23    0.7100
  201     840.0        8.2278E-23    0.7100
  202     845.0        6.6456E-23    0.7100
  203     850.0        5.0633E-23    0.7100
