 int. wave (nm)     cross-section       phi
    1     121.5        7.2000E-18    0.0831
    2     116.7        1.8040E-17    0.2094
    3     117.3        1.7500E-17    0.1829
    4     117.9        2.4850E-17    0.1210
    5     118.7        1.8600E-17    0.1022
    6     119.4        2.2500E-17    0.0729
    7     120.2        1.8800E-17    0.0670
    8     120.8        1.9600E-17    0.0531
    9     121.6        8.3000E-18    0.0685
   10     122.3        1.7657E-17    0.0000
   11     123.1        6.4000E-18    0.0000
   12     123.8        2.2000E-17    0.0000
   13     124.6        4.0667E-18    0.0000
   14     125.4        2.5700E-17    0.0000
   15     126.2        5.2100E-18    0.0000
   16     127.0        1.3000E-17    0.0000
   17     127.8        3.4400E-18    0.0000
   18     128.6        9.7000E-18    0.0000
   19     129.4        3.7000E-18    0.0000
   20     130.3        1.6700E-17    0.0000
   21     131.1        5.3500E-18    0.0000
   22     132.0        1.1700E-17    0.0000
   23     132.9        5.6000E-18    0.0000
   24     133.8        1.5020E-17    0.0000
   25     134.6        7.4000E-18    0.0000
   26     135.6        1.4900E-17    0.0000
   27     136.5        6.3600E-18    0.0000
   28     137.4        1.4100E-17    0.0000
   29     138.4        4.8000E-18    0.0000
   30     139.9        1.1767E-17    0.0000
   31     141.8        2.9800E-18    0.0000
   32     143.9        2.2000E-18    0.0000
   33     145.9        1.2000E-18    0.0000
   34     148.1        8.5000E-19    0.0000
   35     150.4        7.4000E-19    0.0000
   36     152.6        3.7100E-19    0.0000
   37     155.0        3.7000E-19    0.0000
   38     157.4        3.0000E-19    0.0000
   39     160.0        2.0500E-19    0.0000
   40     162.6        3.2571E-19    0.0000
   41     165.3        7.7950E-19    0.0000
   42     168.1        1.3493E-18    0.0000
   43     170.9        2.0600E-18    0.0000
   44     173.1        1.4975E-18    0.0000
   45     174.6        3.7100E-18    0.0000
   46     176.2        2.3000E-18    0.0000
   47     177.8        6.0467E-18    0.0000
   48     179.4        2.8733E-18    0.0000
   49     181.0        9.8000E-18    0.0000
   50     182.7        4.5067E-18    0.0000
   51     184.3        1.1200E-17    0.0000
   52     186.1        8.8000E-18    0.0000
   53     187.8        9.6000E-18    0.0000
   54     189.6        1.0600E-17    0.0000
   55     191.4        8.5000E-18    0.0000
   56     193.2        1.3400E-17    0.0000
   57     195.1        7.5333E-18    0.0000
   58     197.0        1.4250E-17    0.0000
   59     199.0        5.8500E-18    0.0000
   60     201.0        1.2450E-17    0.0000
   61     203.1        4.1600E-18    0.0000
   62     205.1        1.0003E-17    0.0000
   63     207.3        1.7160E-18    0.0000
   64     209.4        4.6600E-18    0.0000
   65     211.6        8.4000E-19    0.0000
   66     213.9        3.0100E-19    0.0000
   67     216.2        4.9500E-19    0.0000
   68     218.6        1.5560E-19    0.0000
   69     221.0        1.3000E-19    0.0000
   70     223.5        6.0000E-21    0.0000
   71     226.0        2.1000E-21    0.0000
   72     228.6        1.2820E-22    0.0000
   73     231.2        3.3670E-23    0.0000
   74     233.9        3.6646E-24    0.0000
   75     236.7        3.5545E-24    0.0000
   76     239.5        3.4444E-24    0.0000
   77     242.4        3.3304E-24    0.0000
   78     245.4        3.2125E-24    0.0000
   79     248.5        3.0906E-24    0.0000
   80     251.6        2.9687E-24    0.0000
   81     254.8        2.8429E-24    0.0000
   82     258.1        2.7132E-24    0.0000
   83     261.4        2.5834E-24    0.0000
   84     264.9        2.4458E-24    0.0000
   85     268.5        2.3043E-24    0.0000
   86     272.1        2.1627E-24    0.0000
   87     275.9        2.0133E-24    0.0000
   88     279.7        1.8639E-24    0.0000
   89     283.7        1.7067E-24    0.0000
   90     287.8        0.0000E+00    0.0000
   91     292.0        0.0000E+00    0.0000
   92     296.3        0.0000E+00    0.0000
   93     300.8        0.0000E+00    0.0000
   94     305.3        0.0000E+00    0.0000
   95     310.0        0.0000E+00    0.0000
   96     315.0        0.0000E+00    0.0000
   97     320.0        0.0000E+00    0.0000
   98     325.0        0.0000E+00    0.0000
   99     330.0        0.0000E+00    0.0000
  100     335.0        0.0000E+00    0.0000
  101     340.0        0.0000E+00    0.0000
  102     345.0        0.0000E+00    0.0000
  103     350.0        0.0000E+00    0.0000
  104     355.0        0.0000E+00    0.0000
  105     360.0        0.0000E+00    0.0000
  106     365.0        0.0000E+00    0.0000
  107     370.0        0.0000E+00    0.0000
  108     375.0        0.0000E+00    0.0000
  109     380.0        0.0000E+00    0.0000
  110     385.0        0.0000E+00    0.0000
  111     390.0        0.0000E+00    0.0000
  112     395.0        0.0000E+00    0.0000
  113     400.0        0.0000E+00    0.0000
  114     405.0        0.0000E+00    0.0000
  115     410.0        0.0000E+00    0.0000
  116     415.0        0.0000E+00    0.0000
  117     420.0        0.0000E+00    0.0000
  118     425.0        0.0000E+00    0.0000
  119     430.0        0.0000E+00    0.0000
  120     435.0        0.0000E+00    0.0000
  121     440.0        0.0000E+00    0.0000
  122     445.0        0.0000E+00    0.0000
  123     450.0        0.0000E+00    0.0000
  124     455.0        0.0000E+00    0.0000
  125     460.0        0.0000E+00    0.0000
  126     465.0        0.0000E+00    0.0000
  127     470.0        0.0000E+00    0.0000
  128     475.0        0.0000E+00    0.0000
  129     480.0        0.0000E+00    0.0000
  130     485.0        0.0000E+00    0.0000
  131     490.0        0.0000E+00    0.0000
  132     495.0        0.0000E+00    0.0000
  133     500.0        0.0000E+00    0.0000
  134     505.0        0.0000E+00    0.0000
  135     510.0        0.0000E+00    0.0000
  136     515.0        0.0000E+00    0.0000
  137     520.0        0.0000E+00    0.0000
  138     525.0        0.0000E+00    0.0000
  139     530.0        0.0000E+00    0.0000
  140     535.0        0.0000E+00    0.0000
  141     540.0        0.0000E+00    0.0000
  142     545.0        0.0000E+00    0.0000
  143     550.0        0.0000E+00    0.0000
  144     555.0        0.0000E+00    0.0000
  145     560.0        0.0000E+00    0.0000
  146     565.0        0.0000E+00    0.0000
  147     570.0        0.0000E+00    0.0000
  148     575.0        0.0000E+00    0.0000
  149     580.0        0.0000E+00    0.0000
  150     585.0        0.0000E+00    0.0000
  151     590.0        0.0000E+00    0.0000
  152     595.0        0.0000E+00    0.0000
  153     600.0        0.0000E+00    0.0000
  154     605.0        0.0000E+00    0.0000
  155     610.0        0.0000E+00    0.0000
  156     615.0        0.0000E+00    0.0000
  157     620.0        0.0000E+00    0.0000
  158     625.0        0.0000E+00    0.0000
  159     630.0        0.0000E+00    0.0000
  160     635.0        0.0000E+00    0.0000
  161     640.0        0.0000E+00    0.0000
  162     645.0        0.0000E+00    0.0000
  163     650.0        0.0000E+00    0.0000
  164     655.0        0.0000E+00    0.0000
  165     660.0        0.0000E+00    0.0000
  166     665.0        0.0000E+00    0.0000
  167     670.0        0.0000E+00    0.0000
  168     675.0        0.0000E+00    0.0000
  169     680.0        0.0000E+00    0.0000
  170     685.0        0.0000E+00    0.0000
  171     690.0        0.0000E+00    0.0000
  172     695.0        0.0000E+00    0.0000
  173     700.0        0.0000E+00    0.0000
  174     705.0        0.0000E+00    0.0000
  175     710.0        0.0000E+00    0.0000
  176     715.0        0.0000E+00    0.0000
  177     720.0        0.0000E+00    0.0000
  178     725.0        0.0000E+00    0.0000
  179     730.0        0.0000E+00    0.0000
  180     735.0        0.0000E+00    0.0000
  181     740.0        0.0000E+00    0.0000
  182     745.0        0.0000E+00    0.0000
  183     750.0        0.0000E+00    0.0000
  184     755.0        0.0000E+00    0.0000
  185     760.0        0.0000E+00    0.0000
  186     765.0        0.0000E+00    0.0000
  187     770.0        0.0000E+00    0.0000
  188     775.0        0.0000E+00    0.0000
  189     780.0        0.0000E+00    0.0000
  190     785.0        0.0000E+00    0.0000
  191     790.0        0.0000E+00    0.0000
  192     795.0        0.0000E+00    0.0000
  193     800.0        0.0000E+00    0.0000
  194     805.0        0.0000E+00    0.0000
  195     810.0        0.0000E+00    0.0000
  196     815.0        0.0000E+00    0.0000
  197     820.0        0.0000E+00    0.0000
  198     825.0        0.0000E+00    0.0000
  199     830.0        0.0000E+00    0.0000
  200     835.0        0.0000E+00    0.0000
  201     840.0        0.0000E+00    0.0000
  202     845.0        0.0000E+00    0.0000
  203     850.0        0.0000E+00    0.0000
