57000 56500.5 cm-1
 1.13402E-01 1.00088E-20 3.48747E-01 2.76282E-20 3.47322E-01 1.01267E-19
 1.67351E-01 5.63588E-19 2.31433E-02 1.68267E-18 0.00000E+00 0.00000E+00
56500 56000.5 cm-1
 2.55268E-03 1.64489E-21 1.85483E-01 2.03591E-21 2.60603E-01 4.62276E-21
 2.50337E-01 1.45106E-20 1.92340E-01 7.57381E-20 1.06363E-01 7.89634E-19
56000 55500.5 cm-1
 4.21594E-03 8.46639E-22 8.91886E-02 1.12935E-21 2.21334E-01 1.67868E-21
 2.84446E-01 3.94782E-21 2.33442E-01 1.91554E-20 1.63433E-01 2.25346E-19
55500 55000.5 cm-1
 3.93529E-03 6.79660E-22 4.46906E-02 9.00358E-22 1.33060E-01 1.55952E-21
 3.25506E-01 3.43763E-21 2.79405E-01 1.62086E-20 2.10316E-01 1.53883E-19
55000 54500.5 cm-1
 2.60939E-03 2.33791E-22 2.08101E-02 3.21734E-22 1.67186E-01 5.77191E-22
 2.80694E-01 1.33362E-21 3.26867E-01 6.10533E-21 1.96539E-01 7.83142E-20
54500 54000.5 cm-1
 9.33711E-03 1.32897E-22 3.63980E-02 1.78786E-22 1.46182E-01 3.38285E-22
 3.81762E-01 8.93773E-22 2.58549E-01 4.28115E-21 1.64773E-01 4.67537E-20
54000 53500.5 cm-1
 9.51799E-03 1.00252E-22 3.26320E-02 1.33766E-22 1.45962E-01 2.64831E-22
 4.49823E-01 6.42879E-22 2.14207E-01 3.19594E-21 1.45616E-01 2.77182E-20
53500 53000.5 cm-1
 7.87331E-03 3.38291E-23 6.91451E-02 4.77708E-23 1.29786E-01 8.30805E-23
 3.05103E-01 2.36167E-22 3.35007E-01 8.59109E-22 1.49766E-01 9.63516E-21
53000 52500.5 cm-1
 6.92175E-02 1.56323E-23 1.44403E-01 3.03795E-23 2.94489E-01 1.13219E-22
 3.34773E-01 3.48121E-22 9.73632E-02 2.10693E-21 5.94308E-02 1.26195E-20
52500 52000.5 cm-1
 1.47873E-01 8.62033E-24 3.15881E-01 3.51859E-23 4.08077E-01 1.90524E-22
 8.08029E-02 9.93062E-22 3.90399E-02 6.38738E-21 8.13330E-03 9.93644E-22
52000 51500.5 cm-1
 1.50269E-01 1.02621E-23 2.39823E-01 3.48120E-23 3.56408E-01 1.69494E-22
 1.61277E-01 6.59294E-22 8.89713E-02 2.94571E-21 3.25063E-03 1.25548E-20
51500 51000.5 cm-1
 2.55746E-01 8.49877E-24 2.94733E-01 2.06878E-23 2.86382E-01 9.30992E-23
 1.21011E-01 3.66239E-22 4.21105E-02 1.75700E-21 0.00000E+00 0.00000E+00
51000 50500.5 cm-1
 5.40111E-01 7.36085E-24 2.93263E-01 2.46742E-23 1.63417E-01 1.37832E-22
 3.23781E-03 2.15052E-21 0.00000E+00 0.00000E+00 0.00000E+00 0.00000E+00
50500 50000.5 cm-1
 8.18514E-01 7.17937E-24 1.82262E-01 4.17496E-23 0.00000E+00 0.00000E+00
 0.00000E+00 0.00000E+00 0.00000E+00 0.00000E+00 0.00000E+00 0.00000E+00
50000 49500.5 cm-1
 8.73680E-01 7.13444E-24 1.25583E-01 2.77819E-23 0.00000E+00 0.00000E+00
 0.00000E+00 0.00000E+00 0.00000E+00 0.00000E+00 0.00000E+00 0.00000E+00
49500 49000.5 cm-1
 3.32476E-04 7.00362E-24 9.89000E-01 6.99600E-24 0.00000E+00 0.00000E+00
 0.00000E+00 0.00000E+00 0.00000E+00 0.00000E+00 0.00000E+00 0.00000E+00
