a 52000-51500.5 cm-1
 1.49005E-01 4.34218E-24 2.36517E-01 2.85712E-23 3.57333E-01 1.63079E-22
 8.96800E-02 2.92845E-21 1.64118E-01 6.46829E-22 3.34613E-03 1.24288E-20
a 51500-51000.5 cm-1
 2.34411E-01 2.22526E-24 2.77355E-01 1.19809E-23 2.72652E-01 6.65791E-23
 5.37179E-02 1.49955E-21 1.61792E-01 2.60979E-22 0.00000E+00 0.00000E+00
a 51000-50500.5 cm-1
 5.37462E-01 9.36626E-25 2.92174E-01 1.76091E-23 1.69670E-01 1.31996E-22
 0.00000E+00 0.00000E+00 0.00000E+00 0.00000E+00 0.00000E+00 0.00000E+00
a 50500-50000.5 cm-1
 7.64305E-01 3.97254E-25 2.32449E-01 2.02877E-23 0.00000E+00 0.00000E+00
 0.00000E+00 0.00000E+00 0.00000E+00 0.00000E+00 0.00000E+00 0.00000E+00
a 50000-49500.5 cm-1
 8.73785E-01 2.83903E-25 1.16752E-01 1.95469E-23 9.84455E-03 1.19731E-22
 0.00000E+00 0.00000E+00 0.00000E+00 0.00000E+00 0.00000E+00 0.00000E+00
a 49500-49000.5 cm-1
 9.78372E-01 8.85822E-26 2.19664E-02 3.97724E-23 0.00000E+00 0.00000E+00
 0.00000E+00 0.00000E+00 0.00000E+00 0.00000E+00 0.00000E+00 0.00000E+00
