b 52000-51500.5 cm-1
 1.10963E-24 5.45158E-24 9.20957E-24 4.03268E-23 1.16019E-22 7.12249E-22
 5.98772E-23 1.79596E-22 2.85927E-22 3.49938E-21 8.86031E-22 5.84617E-17
b 51500-51000.5 cm-1
 4.67802E-25 2.14785E-24 2.34678E-24 9.62845E-24 1.19112E-23 4.62742E-23
 4.39026E-23 1.98767E-22 8.94808E-23 1.46454E-21 4.79330E-22 6.02536E-17
b 51000-50500.5 cm-1
 4.20214E-25 8.91001E-25 2.52217E-24 9.93617E-24 1.51893E-23 6.99981E-23
 3.17767E-22 5.95101E-17 1.44949E-23 3.83009E-22 0.00000E+00 0.00000E+00
b 50500-50000.5 cm-1
 6.44408E-24 5.89743E-23 2.45136E-22 8.09304E-17 1.26908E-24 1.11346E-18
 5.41633E-24 1.30923E-17 1.62561E-24 6.37674E-24-4.14825E-24 6.40621E-22
b 50000-49500.5 cm-1
 7.55492E-25 3.29742E-24 1.03740E-24 1.37701E-18 6.78614E-23 6.83285E-17
 2.98030E-24 4.27578E-23-1.39698E-24 6.88167E-22-2.12512E-25 9.94586E-21
b 49500-49000.5 cm-1
 6.45491E-25 3.28638E-23 3.40088E-23 8.17442E-17 1.83888E-25 2.79877E-24
-2.13618E-25 3.75882E-22 0.00000E+00 0.00000E+00 0.00000E+00 0.00000E+00
