57000 56500.5 cm-1
 1.07382E-21 9.95029E-21 7.19430E-21 2.48960E-20 2.53735E-20 7.54467E-20
 4.48987E-20 2.79981E-19 9.72535E-20 9.29745E-19 2.30892E-20 4.08009E-17
56500 56000.5 cm-1
 3.16903E-22 1.98251E-21 5.87326E-22 3.44057E-21 2.53094E-21 8.81484E-21
 8.82299E-21 4.17179E-20 2.64703E-20 2.43792E-19 8.73831E-20 1.46371E-18
56000 55500.5 cm-1
 1.64421E-23 9.26011E-22 2.73137E-22 1.33640E-21 9.79188E-22 2.99706E-21
 3.37768E-21 1.39438E-20 1.47898E-20 1.04322E-19 4.08014E-20 6.31023E-19
55500 55000.5 cm-1
 8.68729E-24 7.31056E-22 8.78313E-23 1.07173E-21 8.28170E-22 2.54986E-21
 2.57643E-21 9.42698E-21 9.92377E-21 5.21402E-20 3.34301E-20 2.91785E-19
55000 54500.5 cm-1
 1.20679E-24 2.44092E-22 2.64326E-23 4.03998E-22 2.53514E-22 8.53166E-22
 1.29834E-21 3.74482E-21 5.12103E-21 2.65798E-20 2.10948E-20 2.35315E-19
54500 54000.5 cm-1
 2.79656E-24 1.40820E-22 3.60824E-23 2.69510E-22 4.02850E-22 8.83735E-22
 1.77198E-21 6.60221E-21 9.60992E-21 8.13558E-20 4.95591E-21 1.22858E-17
54000 53500.5 cm-1
 2.36959E-24 1.07535E-22 2.83333E-23 2.16789E-22 3.35242E-22 6.42753E-22
 1.26395E-21 5.43183E-21 4.88083E-21 5.42670E-20 3.27481E-21 1.58264E-17
53500 53000.5 cm-1
 8.65018E-25 3.70310E-23 1.04351E-23 6.43574E-23 1.17431E-22 2.70904E-22
 4.88705E-22 1.65505E-21 2.19776E-21 2.71172E-20 2.65257E-21 2.13945E-17
53000 52500.5 cm-1
 9.63263E-25 1.54249E-23 4.78065E-24 2.97642E-23 6.40637E-23 1.46464E-22
 1.82634E-22 7.12786E-22 1.64805E-21 2.37376E-17 9.33059E-22 1.13741E-20
52500 52000.5 cm-1
 1.08414E-24 8.37560E-24 9.15550E-24 2.99295E-23 9.38405E-23 1.95845E-22
 2.84356E-22 3.39699E-21 1.94524E-22 2.72227E-19 1.18924E-21 3.20246E-17
52000 51500.5 cm-1
 1.52817E-24 1.01885E-23 1.22946E-23 4.16517E-23 9.01287E-23 2.34869E-22
 1.93510E-22 1.44956E-21 1.81051E-22 5.17773E-21 9.82059E-22 6.22768E-17
51500 51000.5 cm-1
 2.12813E-24 8.48035E-24 5.23338E-24 1.93052E-23 1.99464E-23 7.48997E-23
 4.96642E-22 6.15691E-17 4.47504E-23 2.76004E-22 8.26788E-23 1.65278E-21
51000 50500.5 cm-1
 3.81336E-24 7.32307E-24 5.60549E-24 2.04651E-23 3.36883E-22 6.15708E-17
 2.09877E-23 1.07474E-22 9.13562E-24 8.41252E-22 0.00000E+00 0.00000E+00
50500 50000.5 cm-1
 5.75373E-24 7.15986E-24 5.90031E-24 3.05375E-23 2.97196E-22 8.92000E-17
 8.55920E-24 1.66709E-17 0.00000E+00 0.00000E+00 0.00000E+00 0.00000E+00
50000 49500.5 cm-1
 6.21281E-24 7.13108E-24 3.30780E-24 2.61196E-23 1.30783E-22 9.42550E-17
 2.69241E-24 1.46500E-17 0.00000E+00 0.00000E+00 0.00000E+00 0.00000E+00
49500 49000.5 cm-1
 6.81118E-24 6.98767E-24 7.55667E-25 2.75124E-23 1.94044E-22 1.45019E-16
 1.92236E-24 3.73223E-17 0.00000E+00 0.00000E+00 0.00000E+00 0.00000E+00
